2147483647C
993017 4
4516 1
3949 1
468486 1
7086 1
13486 1
141446 1
5024 1
29649 1
238886 1
5459 1
4828 1
20284 1
14639 1
14726 1
37062 1
5113 1
126203 1
19148 1
29939 1
23800 1
9034 1
20864 1
7322 1
8280 1
23665 1
41933 1
4516 1
4595 1
21677 1
4909 1
18724 1
21783 1
6399 1
4637 1
4700 1
20922 1
-1459166 -36
24830 1
24812 1
24735 1
3712 1
22133 1
6995 1
1874 1
1861 1
1892 1
1877 1
1895 1
1800 1
1901 1
1890 1
1984 1
2059 1
23507 1
2061 1
23437 1
23530 1
2074 1
2096 1
10241 1
2084 1
20206 1
39557 1
48240 1
5499 1
24024 1
10159 1
6256 1
23958 1
24038 1
5849 1
1876 1
1878 1
1894 1
2084 1
1882 1
2095 1
2078 1
21432 1
2137 1
2084 1
4883 1
1988 1
1949 1
2081 1
1970 1
1888 1
6271 1
1877 1
1942 1
1949 1
1961 1
1934 1
1969 1
1955 1
1973 1
1888 1
1870 1
4413 1
1864 1
1866 1
9240 1
2004 1
5828 1
1983 1
12814 1
12868 1
12838 1
23341 1
5107 1
21433 1
4515 1
11765 1
6201 1
5184 1
9346 1
8798 1
20991 1
4420 1
4465 1
4438 1
18491 1
6229 1
4432 1
22880 1
11999 1
9579 1
9595 1
11520 1
5104 1
4707 1
4771 1
4902 1
38740 1
4736 1
27554 1
4425 1
10794 1
22848 1
3364 1
23601 1
4420 1
4489 1
6973 1
4360 1
21487 1
4499 1
4436 1
182590 1
26496 1
23973 1
210159 1
4449 1
4534 1
4489 1
42540 1
18601 1
